111111101101011110111111
111111111111111111011011
111111110110011011111111
111111111111111111111001
111111111111111111111110
111111111110111011111111
111111111111111110110111
111111111110111011110111
111111111110111110110111
111100000000000000001111
000000000000000000000000
111111111110101111110111
111111111111111101010101
111111111111111001010101
111111111111101010101010
111111011011101111011111
111111111110011011111111
111111111001011011111111
111111111111111110101010
111100000000000000000000
111111111100101010001111
111111110111011111111111
111111110101010111110001
111111111100010101001111
111111111111111111111111
111111111101011110111111
111111111110011111111011
111111101101101101111111
111111111111110110101010
111111110111011011111111
111111111111101010100111
111111111111010101010101
111111111101101101111111
111111110111011111111110
111111111111111111110110
111111111111111111110111
111111111101011111111111
111111111101011111111110
111111111111111111100111
111111111101110111111110
111111110000101000000000
111111111111111111101101
111111111111111111111101
111111111111101101010101
111111111001011111111111
111111110000111100000000
111111111101011011111111
111111111101100111111111
111111110000010100000000
111111100111011111101111
111111111110100111111111
111111111110011111111111
111111111101110111111111
111111111101111110111101
111111111110110111111111
111111111110110111111011
111111111001100111111111
111111111101110110111111
